113 195
113 219
116 243
117 266
123 288
135 309
150 327
170 342
193 348
216 344
238 332
257 316
271 297
280 275
284 252
289 227
292 202
123 177
135 167
152 166
168 171
184 178
218 179
234 174
250 170
268 171
280 183
200 193
200 211
199 228
198 246
178 251
188 255
198 259
209 256
218 252
142 195
153 189
165 190
177 199
164 200
152 200
226 201
237 193
249 193
260 199
250 204
238 203
154 275
169 270
185 270
198 271
210 270
227 272
242 277
226 298
210 309
196 311
183 309
167 298
160 277
185 278
197 280
210 278
237 278
210 294
197 296
184 293
