88 174
89 203
93 231
97 259
105 286
120 308
142 324
167 336
193 338
220 334
247 322
271 306
289 285
298 258
300 229
301 201
301 173
105 157
116 144
133 140
150 144
168 151
212 152
229 145
247 142
265 145
279 157
191 172
191 189
192 207
192 225
173 237
183 239
193 241
203 238
213 236
128 173
140 166
154 167
166 176
152 179
138 178
218 176
230 167
244 167
256 174
244 178
231 178
149 264
166 263
182 261
193 263
204 260
220 261
237 261
221 273
205 279
193 281
182 280
166 275
156 265
182 268
193 269
204 267
230 262
204 268
194 269
182 268
